0,420
0,419
0,418
0,417
0,416
0,415
0,414
0,413
0,412
0,411
0,410
0,409
0,408
88,6
88,5
88,4
88,3
88,2
0,407
88,1
88,0
0,406
87,6
87,5
87,4
87,3
87,2
87,1
87,0
86,5
86,4
86,3
86,2
86,1
86,0
0,405
0,404
0,403
0,402
0,386
0,273
0,270
85,4
85,3
85,2
85,1
85,0
84,3
84,2
84,1
84,0
0,278
83,3
83,2
0,9
83,1
83,0
82,52
82,51
82,50
82,49
82,48
82,47
82,46
82,45
82,44
82,43
82,42
82,41
82,40
82,39
82,38
82,37
82,36
82,35
3,2
10,121
10,239
10,70
10,179
10,259
10,174
10,189
10,2
11,8
11,9
11,12
11,10
11,2
8,8
8,7
8,5
8,16
8,10
65,3
65,2
